100 0 0 0 0 0 0 0
90 10 0 0 0 0 0 0
70 30 0 0 0 0 0 0
60 40 0 0 0 0 0 0
40 60 0 0 0 0 0 0
20 80 0 0 0 0 0 0
10 90 0 0 0 0 0 0
10 80 10 0 0 0 0 0
0 90 10 0 0 0 0 0
0 70 30 0 0 0 0 0
0 60 40 0 0 0 0 0
0 40 60 0 0 0 0 0
0 20 80 0 0 0 0 0
0 10 90 0 0 0 0 0
0 10 80 10 0 0 0 0
0 0 90 10 0 0 0 0
0 0 70 30 0 0 0 0
0 0 60 40 0 0 0 0
0 0 40 60 0 0 0 0
0 0 20 80 0 0 0 0
0 0 10 90 0 0 0 0 
0 0 10 80 10 0 0 0
0 0 0 90 10 0 0 0
0 0 0 70 30 0 0 0
0 0 0 60 40 0 0 0
0 0 0 40 60 0 0 0
0 0 0 20 80 0 0 0
0 0 0 10 90 0 0 0
0 0 0 10 80 10 0 0
0 0 0 0 90 10 0 0
0 0 0 0 70 30 0 0
0 0 0 0 60 40 0 0
0 0 0 0 40 60 0 0
0 0 0 0 20 80 0 0
0 0 0 0 10 90 0 0
0 0 0 0 10 80 10 0
0 0 0 0 0 90 10 0
0 0 0 0 0 70 30 0
0 0 0 0 0 60 40 0
0 0 0 0 0 40 60 0
0 0 0 0 0 20 80 0
0 0 0 0 0 10 90 0
0 0 0 0 0 10 80 10
0 0 0 0 0 0 90 10
0 0 0 0 0 0 70 30
0 0 0 0 0 0 60 40
0 0 0 0 0 0 40 60
0 0 0 0 0 0 20 80
0 0 0 0 0 0 10 90
0 0 0 0 0 0 0 100






